1.773798212881548691e+10 9.002654052022048950e+09 8.335420040323574066e+09
6.454718920835393524e+10 3.185613196496621704e+10 3.061766315161649323e+10
1.721554740434173584e+10 9.428442796850860596e+09 1.005687087035522461e+10
1.533776327320725403e+11 7.125479916316133118e+10 4.233763962011441040e+10
1.136949961650144386e+10 5.053579793963994026e+09 4.950027994378797531e+09
7.491252488545489502e+10 3.052827703992684174e+10 2.222388070971186829e+10
1.460591462342945099e+10 6.505065705537234306e+09 6.915676735079544067e+09
4.233934039731270599e+10 2.058035160668994522e+10 2.019171188558556366e+10
1.348382211162621307e+10 5.875871849475958824e+09 7.684046204380912781e+09
7.321344875311287880e+09 3.331833387057797432e+09 3.153142782890322685e+09
1.858169725879496002e+10 8.488261502189163208e+09 7.873892039077201843e+09
1.032614236491870117e+10 4.583746733260515213e+09 4.810852952927608490e+09
9.985019822956855774e+09 4.421130937364054680e+09 4.658636431244152069e+09
2.067212910320096588e+10 1.066826294322979164e+10 1.104993838637607193e+10
1.963622682460445786e+10 9.472397350650650024e+09 9.493634619063278198e+09
1.766171697162586975e+10 9.179620385197206497e+09 1.086245557574927902e+10
7.784273965175870895e+09 3.426770380282482147e+09 4.002875763214965820e+09
2.853455364536603546e+10 1.361616057961438560e+10 1.680395949051226807e+10
2.179662359077216339e+10 1.182510855232437706e+10 1.065506866541261673e+10
3.176337907158408737e+10 1.471768448022822189e+10 1.459251418749958420e+10
4.798470756918093681e+09 1.998506904645080090e+09 2.157903603550951958e+09
2.478793218264445190e+11 1.418078962356458740e+11 8.771464979171008301e+10
6.442773718345352936e+10 3.372283344840151596e+10 3.702562890146446991e+10
6.340907078181909561e+09 3.042786270976624966e+09 2.964625275112928391e+09
1.603223653732645798e+10 7.269036537737916946e+09 6.422825250914688110e+09
7.406440491200531006e+10 3.252851909344824219e+10 4.527025205138067627e+10
