6.584307620391614997e-03 1.051753197718241495e-02 2.204555076495108290e-01 2.204198284158614407e-01 0.000000000000000000e+00 1.398480605703830877e-02
5.006464406244515858e-03 4.786965649369534503e-03 2.143454707944714988e-01 2.143384165421730048e-01 0.000000000000000000e+00 9.166810141301967585e-03
1.109812457936260738e-01 1.039404158942476286e-01 2.386412650638269628e-01 2.378501585479708968e-01 0.000000000000000000e+00 5.204502901371788753e-02
7.133248483664104966e-02 4.591567261538931355e-02 2.020240622362696470e-01 2.017606187712038812e-01 0.000000000000000000e+00 4.666202400609475304e-02
2.995769034553433588e-03 3.752702952211306453e-03 1.930395801381422916e-01 1.930376790893184313e-01 0.000000000000000000e+00 1.136581581176032869e-03
1.590477609704639417e-01 6.962482228002659923e-01 5.600245740809219885e-01 1.769832518757915307e-01 0.000000000000000000e+00 1.666869813044303372e+00
1.811440751671081206e-01 9.730675491920992570e-02 1.954161695414499411e-01 1.934226108511629127e-01 0.000000000000000000e+00 1.652512996864123895e-01
4.746422387304504581e-02 1.756815794322097446e-02 2.111812021032255238e-01 2.111023236200783859e-01 0.000000000000000000e+00 2.145400028342934334e-02
1.835828306929273299e-03 2.901703005486835352e-01 1.893209003181221262e-01 1.892533659575472704e-01 0.000000000000000000e+00 2.102226874815103091e-02
6.487116074502033425e-02 2.680042272329785646e-02 1.978523322462584222e-01 1.976408541413915421e-01 0.000000000000000000e+00 2.682140845311945659e-02
2.432384140328712474e-02 2.763467894833926408e-02 1.985583583132229102e-01 1.983890427236261467e-01 0.000000000000000000e+00 3.374495958589119465e-02
9.930173921816089211e-02 5.790082418749431525e-02 1.935034376960540758e-01 1.927821486812099916e-01 0.000000000000000000e+00 4.401877538096189008e-02
2.572968196575426414e-01 9.286857144348648063e-02 1.930799843046891173e-01 1.922953388088888549e-01 0.000000000000000000e+00 4.261712945805536806e-02
1.062510814346494118e-03 2.913645105718565276e-03 2.241262971803489323e-01 2.241262960678888916e-01 0.000000000000000000e+00 2.485105584402926156e-04
6.228549247069241693e-03 5.037455027318116230e-03 2.095138998633492844e-01 2.095010378790236605e-01 0.000000000000000000e+00 9.607468421787302218e-03
1.964895203460169729e-02 1.140445793810807018e-02 2.257558240165283281e-01 2.257231550965541900e-01 0.000000000000000000e+00 1.023588987629014090e-02
4.790621434177551319e-02 8.700483065886155387e-02 1.914186240956002039e-01 1.911838501013711500e-01 0.000000000000000000e+00 9.158017596093607701e-03
2.457946557059722745e-02 4.294756499602159217e-02 2.076864912004347252e-01 2.072372842389087200e-01 0.000000000000000000e+00 5.807005137696165387e-02
7.563307556001366838e-02 1.598182647712365068e-02 2.356623341473711997e-01 2.356135284345429459e-01 0.000000000000000000e+00 1.062964061833608122e-02
2.712646301936385770e-02 9.614090027171950936e-01 2.070285669127087391e-01 2.012320270381572074e-01 0.000000000000000000e+00 9.610171415713530951e-02
7.670069874994765724e-02 4.533997542593541930e-01 1.852796792121933489e-01 1.808785683400428446e-01 0.000000000000000000e+00 5.106966423245469511e-02
2.144491030740487691e-02 3.419965255327959142e-01 2.521006099136019474e-01 2.484531035976058899e-01 0.000000000000000000e+00 3.850865707969620133e-01
2.015777838835307312e-01 5.913075953591118150e-01 2.371754068253943137e-01 2.273188710489821851e-01 0.000000000000000000e+00 1.996260052739882163e-01
5.411099371801407314e-03 5.277231407850191403e-03 2.084113941068383991e-01 2.084031938652879112e-01 0.000000000000000000e+00 3.081155903161990426e-03
6.548929826922489025e-03 1.142127935677206274e-02 1.969418463780437667e-01 1.969096731914324605e-01 0.000000000000000000e+00 1.519092722988526177e-02
2.401485616431622561e-01 2.124382424415853787e-01 1.922038641557977101e-01 1.907388085214907214e-01 0.000000000000000000e+00 9.533967819400659960e-02
