6.810723818266389840e-03 1.241161006982282045e+00 9.276694024636221059e+00 1.024890421300610832e+01 6.530000000000000249e+00 3.062704482686693375e+00
7.687672244768576357e-01 2.257292602105587243e+00 9.488400396705127804e+00 1.080987733509384086e+01 6.650000000000000355e+00 4.578660781286961523e+00
5.128474977404088309e-01 2.831182085222787137e+00 9.501823762377270555e+00 1.023592083656176754e+01 6.500000000000000000e+00 2.328351461511696474e+00
5.729955973636065014e-01 1.305248696018116883e+00 9.997043539448148053e+00 1.118576203047799922e+01 6.339999999999999858e+00 3.929698630563764894e+00
6.954852801841462373e-01 1.742279700296671008e+00 9.932579002097385867e+00 1.005574135135666225e+01 6.580000000000000071e+00 1.152341425553314647e+00
2.032635251862904280e-01 8.058103977316097399e+00 1.000384018515859097e+01 1.087455443497437457e+01 7.549999999999999822e+00 2.724941134712894897e+00
6.425022988185953299e-01 1.340188071454242902e+00 8.740008974146721954e+00 1.016452875771294551e+01 6.410000000000000142e+00 5.155370614975723242e+00
8.016336487333262095e-01 1.340009602864348670e+00 9.608661599230428507e+00 1.062674408788181779e+01 6.799999999999999822e+00 3.228800741740461611e+00
7.821685148876078575e-01 5.316229571756467820e+00 9.014501114397425852e+00 1.012981301435852011e+01 7.429999999999999716e+00 3.611236655178732935e+00
5.727044063435546839e-01 1.567985438911918550e+00 9.052403506927113597e+00 9.864590864976216622e+00 6.780000000000000249e+00 2.547379673121953125e+00
7.273858123017763744e-02 1.029688706285678323e+00 9.162468851514457668e+00 1.026908538008087568e+01 6.639999999999999680e+00 3.575265221294671392e+00
8.828188430460313929e-02 9.492420916427903865e-01 9.294051403508900577e+00 1.001393810830295195e+01 6.679999999999999716e+00 2.290568860810795915e+00
3.342994214879569381e-01 2.615101509200745689e+00 9.343109317800630365e+00 9.999348931399232754e+00 6.370000000000000107e+00 2.128726206790652498e+00
5.354430254915163445e-01 3.743507790747169217e+00 8.344874131419455665e+00 1.031538520861339769e+01 6.179999999999999716e+00 9.666194699755532582e+00
1.013297498151628923e-01 7.500465511891428738e-01 9.181748976530284878e+00 1.029305804013719872e+01 6.049999999999999822e+00 3.594632791706283470e+00
1.325172778896829273e-01 1.377642524538566837e+00 9.517925408708867607e+00 1.024703292093218110e+01 7.980000000000000426e+00 2.315014716222797198e+00
3.585083815032502619e-01 2.028183641628016787e+00 1.004338431406736198e+01 9.891218112392660800e+00 6.812913356642855689e+00 8.392993739466473313e-01
3.376783991657125727e-02 1.219877047971684503e+00 9.320252847970982302e+00 1.045537108344286636e+01 7.929999999999999716e+00 3.694529322051558484e+00
6.787051621550435065e-01 1.706657318841584781e+00 9.769469304557530265e+00 1.033838922436316032e+01 7.059999999999999609e+00 1.925129548169809413e+00
7.644395883722936436e-01 6.780289021895918644e+00 1.003294210604902759e+01 1.050192669759892716e+01 6.849999999999999645e+00 1.715901270390908007e+00
8.289621360224954660e-01 3.469538055424366441e+00 9.594379363757028045e+00 9.681102852448571383e+00 6.820000000000000284e+00 1.104998642140452736e+00
6.218623177439493999e-01 6.138918995531978950e+00 9.606941678327274303e+00 1.139424029929208437e+01 7.219999999999999751e+00 7.827972845868661267e+00
9.462919005426302377e-01 1.543951318009651352e+00 9.991714703042541501e+00 1.080907287842073572e+01 7.370000000000000107e+00 2.562589767655962358e+00
8.090406780036145662e-01 1.600347051123076181e+00 9.480864983271628077e+00 9.802151388933920018e+00 7.360000000000000320e+00 1.447582095357744292e+00
7.910041607823686816e-02 1.645841945683672369e+00 9.067023534589331746e+00 1.020499411175313398e+01 6.250000000000000000e+00 3.706681654482334665e+00
1.755948511063140649e-01 1.801921801202883922e+00 9.782421441455397826e+00 1.086960953774432070e+01 7.019999999999999574e+00 3.496182125732902879e+00
