2.848294705301975590e-03 9.787115430536896810e-03 2.041209860139017174e-01 2.040833563575164267e-01 0.000000000000000000e+00 1.381957616123217873e-02
5.034970311991818388e-03 4.873218255629474527e-03 2.060128225308893446e-01 2.060055955743865241e-01 0.000000000000000000e+00 9.096204128530687924e-03
8.524732856132642700e-02 9.553303577761207421e-02 2.544209122996314854e-01 2.537034357157481046e-01 0.000000000000000000e+00 5.118268899976079200e-02
7.722378086740855352e-02 4.499114921887503726e-02 1.203156125680240746e-01 1.198806040770200171e-01 0.000000000000000000e+00 4.624628879002216919e-02
3.283582977618747841e-03 3.631203367273627691e-03 1.890840740847746504e-01 1.890821861768835765e-01 0.000000000000000000e+00 1.120982048755580053e-03
1.476749879934513843e-01 1.249581076875522889e+00 2.826645412887094921e-01 1.288397203733547269e-01 0.000000000000000000e+00 7.893019861647158075e-01
1.854008319687964201e-01 8.720331155810834289e-02 2.073403260835840478e-01 2.056317815149968642e-01 0.000000000000000000e+00 1.576591210198614867e-01
5.456629028213665772e-02 1.696058991805449168e-02 2.072037351969454599e-01 2.071158636341603188e-01 0.000000000000000000e+00 2.242946172613847350e-02
1.904488611379492142e-03 1.423231898932275641e-02 2.477679186885590468e-01 2.474920566012853151e-01 0.000000000000000000e+00 4.859641898789129888e-02
6.221199146122582957e-02 2.525293422191299264e-02 1.872495663054762338e-01 1.870411153393599091e-01 0.000000000000000000e+00 2.590513355983229890e-02
2.523862340744361527e-02 2.593692206947273426e-02 1.842040214453723179e-01 1.840298986711042528e-01 0.000000000000000000e+00 3.295972974567642350e-02
6.184099303161598449e-02 5.591691948071109142e-02 2.029758579291125742e-01 2.023337289831055041e-01 0.000000000000000000e+00 4.254353835155662983e-02
2.399735460021295286e-01 8.814007066048645811e-02 2.032809517736114124e-01 2.026255461838090133e-01 0.000000000000000000e+00 3.997362852542022532e-02
1.105421467236668938e-03 3.042066283108102454e-03 2.321448084781871368e-01 2.321447995325726932e-01 0.000000000000000000e+00 7.172008590506751902e-04
6.062055118798328167e-03 4.920389916201584057e-03 2.099828701410341170e-01 2.099707426020688272e-01 0.000000000000000000e+00 9.339577388185419521e-03
1.621865233261819000e-02 1.085317009693653745e-02 2.671273313401079097e-01 2.671033922718809572e-01 0.000000000000000000e+00 9.531417666366828398e-03
4.364083157486940007e-02 8.428916970328415026e-02 2.236010425917297206e-01 2.233254974690822847e-01 0.000000000000000000e+00 1.072301784967952427e-02
2.409869678454357525e-02 3.955724716333142155e-02 2.560844388243888048e-01 2.557554245128491055e-01 0.000000000000000000e+00 5.519748102615618102e-02
8.115431298876329969e-02 1.563837261876432905e-02 2.123582953696372122e-01 2.123006577793094540e-01 0.000000000000000000e+00 1.096525417935598039e-02
2.755094196034239135e-02 7.682819627085617498e-01 2.034434061209043909e-01 1.995205980586474692e-01 0.000000000000000000e+00 7.854339058571845056e-02
8.259914633452805632e-02 3.973673838679170345e-01 1.984870104386270151e-01 1.953050617533058919e-01 0.000000000000000000e+00 4.503265033445398580e-02
2.016714703209954163e-02 2.963430177072039484e-01 1.579166332804631812e-01 1.536795732130001313e-01 0.000000000000000000e+00 3.274638736102212233e-01
2.080086915655519897e-01 4.645192500685038084e-01 2.585013198518209543e-01 2.495823541825908654e-01 0.000000000000000000e+00 1.986047571825184932e-01
5.347837615643314356e-03 5.392505359595123338e-03 2.030585237496212170e-01 2.030498763059649658e-01 0.000000000000000000e+00 3.123156540276774903e-03
3.633030956457662403e-03 1.026566992747302010e-02 1.740224564054177470e-01 1.739868020414248873e-01 0.000000000000000000e+00 1.503220630868974325e-02
1.395738569250496164e-01 1.797637738370936322e-01 2.665589705677396393e-01 2.654530294767432075e-01 0.000000000000000000e+00 9.763520727524484244e-02
