6.810723818266389840e-03 2.848294705301975590e-03 6.584307620391614997e-03
7.687672244768576357e-01 5.034970311991818388e-03 5.006464406244515858e-03
5.128474977404088309e-01 8.524732856132642700e-02 1.109812457936260738e-01
5.729955973636065014e-01 7.722378086740855352e-02 7.133248483664104966e-02
6.954852801841462373e-01 3.283582977618747841e-03 2.995769034553433588e-03
2.032635251862904280e-01 1.476749879934513843e-01 1.590477609704639417e-01
6.425022988185953299e-01 1.854008319687964201e-01 1.811440751671081206e-01
8.016336487333262095e-01 5.456629028213665772e-02 4.746422387304504581e-02
7.821685148876078575e-01 1.904488611379492142e-03 1.835828306929273299e-03
5.727044063435546839e-01 6.221199146122582957e-02 6.487116074502033425e-02
7.273858123017763744e-02 2.523862340744361527e-02 2.432384140328712474e-02
8.828188430460313929e-02 6.184099303161598449e-02 9.930173921816089211e-02
3.342994214879569381e-01 2.399735460021295286e-01 2.572968196575426414e-01
5.354430254915163445e-01 1.105421467236668938e-03 1.062510814346494118e-03
1.013297498151628923e-01 6.062055118798328167e-03 6.228549247069241693e-03
1.325172778896829273e-01 1.621865233261819000e-02 1.964895203460169729e-02
3.585083815032502619e-01 4.364083157486940007e-02 4.790621434177551319e-02
3.376783991657125727e-02 2.409869678454357525e-02 2.457946557059722745e-02
6.787051621550435065e-01 8.115431298876329969e-02 7.563307556001366838e-02
7.644395883722936436e-01 2.755094196034239135e-02 2.712646301936385770e-02
8.289621360224954660e-01 8.259914633452805632e-02 7.670069874994765724e-02
6.218623177439493999e-01 2.016714703209954163e-02 2.144491030740487691e-02
9.462919005426302377e-01 2.080086915655519897e-01 2.015777838835307312e-01
8.090406780036145662e-01 5.347837615643314356e-03 5.411099371801407314e-03
7.910041607823686816e-02 3.633030956457662403e-03 6.548929826922489025e-03
1.755948511063140649e-01 1.395738569250496164e-01 2.401485616431622561e-01
