1.241161006982282045e+00 6.530000000000000249e+00 7.499999999999999722e-02
2.257292602105587243e+00 6.650000000000000355e+00 5.099999999999999672e-02
2.831182085222787137e+00 6.500000000000000000e+00 8.799999999999999489e-02
1.305248696018116883e+00 6.339999999999999858e+00 2.119999999999999940e-01
1.742279700296671008e+00 6.580000000000000071e+00 4.599999999999999922e-02
8.058103977316097399e+00 6.830000000000000071e+00 9.099999999999999756e-02
1.340188071454242902e+00 6.410000000000000142e+00 1.930000000000000049e-01
1.339385557962347928e+00 6.799999999999999822e+00 1.209999999999999964e-01
5.316229571756467820e+00 7.429999999999999716e+00 2.199999999999999872e-02
1.567985438911918550e+00 6.860000000000000320e+00 5.099999999999999672e-02
1.029688706285678323e+00 6.780000000000000249e+00 7.399999999999999634e-02
9.435568216772761696e-01 6.679999999999999716e+00 1.519999999999999962e-01
2.615101509200745689e+00 6.370000000000000107e+00 1.170000000000000068e-01
3.743507790747169217e+00 6.179999999999999716e+00 1.499999999999999944e-02
7.500465511891428738e-01 6.049999999999999822e+00 8.699999999999999400e-02
1.377642524538566837e+00 7.980000000000000426e+00 6.800000000000000488e-02
2.028183641628016787e+00 6.812913356642855689e+00 8.799999999999999489e-02
1.219877047971684503e+00 7.929999999999999716e+00 1.600000000000000033e-01
1.706657318841584781e+00 7.059999999999999609e+00 7.000000000000000666e-02
6.780289021895918644e+00 6.849999999999999645e+00 1.590000000000000024e-01
3.469538055424366441e+00 6.669999999999999929e+00 7.000000000000000666e-02
6.138918995531978950e+00 6.820000000000000284e+00 9.299999999999999933e-02
1.543951318009651352e+00 7.219999999999999751e+00 3.449999999999999734e-01
1.600347051123076181e+00 7.360000000000000320e+00 2.699999999999999969e-02
1.645841945683672369e+00 6.250000000000000000e+00 5.700000000000000205e-02
1.801921801202883922e+00 7.019999999999999574e+00 2.770000000000000240e-01
