1.636093220140725779e-01 1.368609810260930315e+00 9.299976452582548347e+00 1.005571918822062827e+01 5.419999999999999929e+00 2.387104150072274500e+00
7.083488270614226590e-01 3.987048216524577082e+00 1.049845019538723712e+01 9.808426786879431702e+00 6.230000000000000426e+00 4.518437670029840092e-01
3.658470242943808737e-01 1.887279668978693925e+00 9.229475060724436020e+00 1.021097122197221374e+01 6.309999999999999609e+00 3.095623113216023459e+00
6.775496357658683522e-02 1.182246059044626874e+00 9.680041717022739078e+00 9.572932680797290317e+00 5.250000000000000000e+00 8.839861931555001995e-01
1.341970505658202917e-01 2.106392416258924261e+00 9.522179389678450789e+00 1.057443562577669383e+01 6.150000000000000355e+00 3.358366723595106240e+00
4.222163786311548123e-02 9.093004182885933151e-01 9.532216430456911027e+00 1.036468493054652740e+01 7.250000000000000000e+00 2.607559637998152269e+00
5.980684252342817198e-01 2.646629856511731660e+00 9.799948652895007939e+00 1.005700470410657488e+01 6.059999999999999609e+00 1.344398519712924456e+00
2.163430091119660781e-01 2.867769742457971560e+00 9.313980880674540330e+00 1.038441988845660013e+01 7.469999999999999751e+00 3.429410742188933270e+00
5.805939923372139821e-01 3.677323177934483489e+00 9.844446623118809470e+00 1.056064945690837753e+01 7.040000000000000036e+00 2.280874642010795039e+00
8.148407521916899432e-01 3.440887095361419679e+00 9.729814452362388622e+00 1.089690131635081016e+01 7.179999999999999716e+00 3.833040711375599319e+00
5.300791798966153490e-01 2.028183641628016787e+00 1.000847262712983543e+01 9.856306425455134246e+00 6.812913356642855689e+00 8.392993739466473313e-01
7.937354296258994912e-01 2.202309927906915377e+00 9.623516970660379144e+00 9.587812302985049939e+00 5.290000000000000036e+00 9.597268965344605274e-01
5.353716932347898361e-01 3.742841592223578484e+00 8.332311906954625869e+00 1.031016350431529283e+01 7.909884750888158678e-01 9.748230702364399036e+00
