2.550477097388907915e-03 6.727612112486403007e-03 1.773663622154011965e-01 1.773539550913579288e-01 4.600000000000000200e-01 5.765482457927221908e-03
3.693731823676414845e-03 1.407844450856288177e-02 2.144929004565340191e-01 2.144862682128752807e-01 4.000000000000000222e-01 8.774498963179497464e-04
3.485757554107028755e-02 1.221591961173507102e-02 1.794298111117771377e-01 1.793691250246454982e-01 3.900000000000000133e-01 1.663044671741292432e-02
5.334453635238935523e-03 5.893988762012192240e-03 1.938269899418274544e-01 1.938152432051050422e-01 6.199999999999999956e-01 2.171727525684027157e-03
2.160907118852201103e-02 3.468178458768811367e-02 2.369659951195730307e-01 2.368104526224017181e-01 4.500000000000000111e-01 3.319136233431245475e-02
1.851075626010703331e-03 4.248323736208758916e-03 1.840281693610981428e-01 1.840169326111069370e-01 4.600000000000000755e-01 6.105072467685006624e-03
1.009289634264697727e-02 5.522345059130184808e-03 2.000803801262725501e-01 2.000765202087017303e-01 5.200000000000000178e-01 1.923613821795730656e-03
3.455924698411960184e-03 3.170114471264096068e-02 2.088001645728802536e-01 2.086739082515350063e-01 6.199999999999999956e-01 2.866464166477226266e-02
2.263049593724171873e-02 5.610644644241746803e-02 2.027456990296436501e-01 2.025585345678965754e-01 4.100000000000000311e-01 2.287122228624598880e-02
6.825753307147143512e-02 6.489450430936649639e-02 2.169451893581614832e-01 2.166487526843369482e-01 4.099999999999999756e-01 5.003071318238427878e-02
3.337672297661094245e-02 8.428916970328415026e-02 2.939745839476143319e-01 2.937650550676126349e-01 1.002218035161350218e-01 1.072301784967952427e-02
9.450879790786142001e-03 4.801064195064874696e-03 2.039833195593213355e-01 2.039802498562846012e-01 5.500000000000000444e-01 1.236494624257087737e-03
1.278319735688913418e-03 2.938855501672499315e-03 2.337704056743847847e-01 2.337703823935353420e-01 3.092064272450336521e-02 1.170902289893940807e-03
