1.250228745372425065e-01 2.269464192890903020e-03 2.320465640081714048e-03
7.276111658321160469e-01 8.491425983941704170e-02 1.310097035746330407e-01
3.654696800377029153e-01 3.058727154671883608e-02 2.947280740292254966e-02
6.713875662185427029e-02 5.547365946230685234e-03 5.231617770472592015e-03
1.897467557567219035e-02 2.658331546670443524e-02 4.240045821053581472e-03
4.120194781210793911e-02 5.710582988854454034e-02 2.109389534341984864e-03
6.000071972004061838e-01 7.397392542181978614e-01 1.305772652331562388e-02
2.160670443952379949e-01 2.784865199518473666e-01 3.827200850301265816e-03
5.838912414441599363e-01 2.790795451588818504e-02 3.139405941825545998e-02
7.983774943238592936e-01 1.060952154071946457e-01 1.184751197623018504e-01
