2.315952667151126038e-03 6.851357225498011516e-03 1.873580789334466090e-01 1.873418791839320807e-01 4.600000000000000200e-01 6.771003414889598636e-03
3.903294651437567379e-03 1.561007294284388891e-02 1.846059583069543097e-01 1.845987424675310518e-01 3.900000000000000133e-01 8.490847284836680869e-04
2.997259686252491673e-02 1.295525923546225755e-02 2.017826085294446847e-01 2.017374115887435593e-01 3.900000000000000133e-01 1.522021672539429320e-02
5.585638122473409427e-03 5.910385187070321678e-03 1.854179752430058781e-01 1.854051747009543838e-01 6.700000000000000400e-01 2.217322043696851128e-03
2.246380128025254538e-02 3.294689783808779637e-02 2.012989482093603955e-01 2.011340003348648375e-01 4.599999999999999645e-01 3.150169615270467099e-02
2.352490885185201230e-03 4.153321290058964443e-03 2.093484355407917163e-01 2.093424158577057714e-01 4.499999999999999556e-01 4.765994016084483531e-03
9.511923912045338811e-03 5.797813048051381202e-03 2.068326025409113200e-01 2.068284061454384037e-01 5.100000000000000089e-01 2.039267589093731251e-03
3.686401815489916221e-03 3.309440537126784321e-02 2.190627460164694673e-01 2.189167074336689778e-01 6.199999999999999956e-01 3.157663670250184657e-02
3.137340542072559330e-02 6.290468787188974176e-02 2.200206046180751551e-01 2.197994106012755300e-01 4.100000000000000311e-01 2.590068751153599969e-02
6.227375042326455806e-02 6.845883603961233632e-02 2.122342103812729919e-01 2.118805394117102558e-01 4.099999999999999756e-01 5.404686650951162630e-02
3.149378617426348143e-02 8.700483065886155387e-02 2.003218724462417499e-01 2.000975448857361672e-01 1.002218035161350218e-01 9.158017596093607701e-03
8.925186336288422340e-03 4.822891460320555268e-03 1.763147203081281145e-01 1.763113535668960064e-01 0.000000000000000000e+00 1.203913928424345465e-03
1.299647349532194766e-03 3.098545487918880070e-03 2.159385942367907651e-01 2.159385912102586569e-01 2.766116862164302859e-01 4.057553604872957695e-04
