1.400087235562969971e+10 6.039564964821151733e+09 5.717572270589775085e+09
7.757449031994143486e+09 3.297337165755414963e+09 3.831193724664149284e+09
2.049575123242395020e+10 9.520636283647539139e+09 8.465005010359897614e+09
4.499208099229166985e+09 1.920762290135114193e+09 2.007888997716389656e+09
4.657949371353868103e+10 2.157227479179393005e+10 2.539869017189743042e+10
2.868254141134499359e+10 1.382580889739988136e+10 1.215321287729959106e+10
1.420001770114731598e+10 6.762616498128989220e+09 6.541851777846061707e+09
2.671219470887726974e+10 1.346493210866352654e+10 1.283492722138512802e+10
4.450575653010765076e+10 2.252466807962057495e+10 2.075785255909027100e+10
9.872645421680438232e+10 4.816596858884797668e+10 4.924990773376391602e+10
