1.636093220140725779e-01 1.368609810260930315e+00 9.390412360571097850e+00 1.014615509620917777e+01 5.563089602086137120e+00
7.083488270614226590e-01 3.987048216524577082e+00 1.057974233937098241e+01 9.889718930863175217e+00 6.173521680623052177e+00
3.658470242943808737e-01 1.887279668978693925e+00 9.330167679927169999e+00 1.031166384117494772e+01 6.260292979508168543e+00
6.775496357658683522e-02 1.182246059044626874e+00 9.760245117023117700e+00 9.653136080797667162e+00 5.618659489761056669e+00
1.341970505658202917e-01 2.106392416258924261e+00 9.615938527649337431e+00 1.066819476374758047e+01 6.526882020317522404e+00
4.222163786311548123e-02 9.093004182885933151e-01 9.625149129194307207e+00 1.045761762928392358e+01 6.579628093123139010e+00
5.980684252342817198e-01 2.646629856511731660e+00 9.895232834545137024e+00 1.015228888575670574e+01 6.511019850372673723e+00
2.163430091119660781e-01 2.867769742457971560e+00 9.356270563908264393e+00 1.042670957169032420e+01 7.468816019745786683e+00
5.805939923372139821e-01 3.677323177934483489e+00 9.932213353990745119e+00 1.064841618778031140e+01 7.043465831840081570e+00
8.148407521916899432e-01 3.440887095361419679e+00 9.827346675520006514e+00 1.099443353950842805e+01 8.436234076821708783e+00
5.300791798966153490e-01 2.028183641628016787e+00 1.008125208544474916e+01 9.929085883770047971e+00 6.812913356642855689e+00
7.937354296258994912e-01 2.202309927906915377e+00 9.715410087030077690e+00 9.679705419354748486e+00 4.929418925714292854e+00
5.353716932347898361e-01 3.742841592223578484e+00 8.434944234166007249e+00 1.041279583152667598e+01 6.179999999999999716e+00
