6.810723818266389840e-03 1.241161006982282045e+00 9.276694024636221059e+00 1.024890421300610832e+01 6.530000000000000249e+00 3.062704482686693375e+00
7.687672244768576357e-01 2.257292602105587243e+00 9.488400396705127804e+00 1.080987733509384086e+01 6.650000000000000355e+00 4.578660781286961523e+00
6.954852801841462373e-01 1.742279700296671008e+00 9.932579002097385867e+00 1.005574135135666225e+01 6.580000000000000071e+00 1.152341425553314647e+00
7.821685148876078575e-01 5.316229571756467820e+00 9.014501114397425852e+00 1.012981301435852011e+01 7.429999999999999716e+00 3.611236655178732935e+00
5.727044063435546839e-01 1.567985438911918550e+00 9.052403506927113597e+00 9.864590864976216622e+00 6.780000000000000249e+00 2.547379673121953125e+00
5.354430254915163445e-01 3.743507790747169217e+00 8.344874131419455665e+00 1.031538520861339769e+01 6.179999999999999716e+00 9.666194699755532582e+00
1.013297498151628923e-01 7.500465511891428738e-01 9.181748976530284878e+00 1.029305804013719872e+01 6.049999999999999822e+00 3.594632791706283470e+00
1.325172778896829273e-01 1.377642524538566837e+00 9.517925408708867607e+00 1.024703292093218110e+01 7.980000000000000426e+00 2.315014716222797198e+00
6.787051621550435065e-01 1.706657318841584781e+00 9.769469304557530265e+00 1.033838922436316032e+01 7.059999999999999609e+00 1.925129548169809413e+00
8.090406780036145662e-01 1.600347051123076181e+00 9.480864983271628077e+00 9.802151388933920018e+00 7.360000000000000320e+00 1.447582095357744292e+00
7.910041607823686816e-02 1.645841945683672369e+00 9.067023534589331746e+00 1.020499411175313398e+01 6.250000000000000000e+00 3.706681654482334665e+00
