6.584307620391614997e-03 1.051753197718241495e-02 2.204555076495108290e-01 2.204198284158614407e-01 0.000000000000000000e+00 1.398480605703830877e-02
5.006464406244515858e-03 4.786965649369534503e-03 2.143454707944714988e-01 2.143384165421730048e-01 0.000000000000000000e+00 9.166810141301967585e-03
2.995769034553433588e-03 3.752702952211306453e-03 1.930395801381422916e-01 1.930376790893184313e-01 0.000000000000000000e+00 1.136581581176032869e-03
1.835828306929273299e-03 2.901703005486835352e-01 1.893209003181221262e-01 1.892533659575472704e-01 0.000000000000000000e+00 2.102226874815103091e-02
6.487116074502033425e-02 2.680042272329785646e-02 1.978523322462584222e-01 1.976408541413915421e-01 0.000000000000000000e+00 2.682140845311945659e-02
1.062510814346494118e-03 2.913645105718565276e-03 2.241262971803489323e-01 2.241262960678888916e-01 0.000000000000000000e+00 2.485105584402926156e-04
6.228549247069241693e-03 5.037455027318116230e-03 2.095138998633492844e-01 2.095010378790236605e-01 0.000000000000000000e+00 9.607468421787302218e-03
1.964895203460169729e-02 1.140445793810807018e-02 2.257558240165283281e-01 2.257231550965541900e-01 0.000000000000000000e+00 1.023588987629014090e-02
7.563307556001366838e-02 1.598182647712365068e-02 2.356623341473711997e-01 2.356135284345429459e-01 0.000000000000000000e+00 1.062964061833608122e-02
5.411099371801407314e-03 5.277231407850191403e-03 2.084113941068383991e-01 2.084031938652879112e-01 0.000000000000000000e+00 3.081155903161990426e-03
6.548929826922489025e-03 1.142127935677206274e-02 1.969418463780437667e-01 1.969096731914324605e-01 0.000000000000000000e+00 1.519092722988526177e-02
