2.848294705301975590e-03 9.787115430536896810e-03 2.041209860139017174e-01 2.040833563575164267e-01 0.000000000000000000e+00 1.381957616123217873e-02
5.034970311991818388e-03 4.873218255629474527e-03 2.060128225308893446e-01 2.060055955743865241e-01 0.000000000000000000e+00 9.096204128530687924e-03
3.283582977618747841e-03 3.631203367273627691e-03 1.890840740847746504e-01 1.890821861768835765e-01 0.000000000000000000e+00 1.120982048755580053e-03
1.904488611379492142e-03 1.423231898932275641e-02 2.477679186885590468e-01 2.474920566012853151e-01 0.000000000000000000e+00 4.859641898789129888e-02
6.221199146122582957e-02 2.525293422191299264e-02 1.872495663054762338e-01 1.870411153393599091e-01 0.000000000000000000e+00 2.590513355983229890e-02
1.105421467236668938e-03 3.042066283108102454e-03 2.321448084781871368e-01 2.321447995325726932e-01 0.000000000000000000e+00 7.172008590506751902e-04
6.062055118798328167e-03 4.920389916201584057e-03 2.099828701410341170e-01 2.099707426020688272e-01 0.000000000000000000e+00 9.339577388185419521e-03
1.621865233261819000e-02 1.085317009693653745e-02 2.671273313401079097e-01 2.671033922718809572e-01 0.000000000000000000e+00 9.531417666366828398e-03
8.115431298876329969e-02 1.563837261876432905e-02 2.123582953696372122e-01 2.123006577793094540e-01 0.000000000000000000e+00 1.096525417935598039e-02
5.347837615643314356e-03 5.392505359595123338e-03 2.030585237496212170e-01 2.030498763059649658e-01 0.000000000000000000e+00 3.123156540276774903e-03
3.633030956457662403e-03 1.026566992747302010e-02 1.740224564054177470e-01 1.739868020414248873e-01 0.000000000000000000e+00 1.503220630868974325e-02
